Aapo 0 0.0 0 7 0
testi 1 2.3 4 5 6
jhota 2 0.0 0 0 0
zd 0 3.0 0 0 0
a 0 0.4 0 0 0
aer 0 0.0 5 0 0
wse45tgs 0 0.0 0 6 0
ea 0 0.0 0 8 7
r 0 0.0 0 0 0
se 0 0.0 0 0 0
rgse 0 0.0 0 0 0
gser 0 0.0 0 0 0
se 0 0.0 0 0 0
erg 0 0.0 0 0 0
gse 0 0.0 0 0 0
er 0 0.0 0 0 0
gs 0 0.0 0 0 0
serg 0 0.0 0 0 0
serg 0 0.0 0 0 0
s 0 0.0 0 0 0
tgsergservser 0 0.0 0 0 0
rth 0 0.0 0 0 0
er5tgvdtg 0 0.0 0 0 0
rb5ert 0 0.0 0 0 0
er5y67y5 46 0.0 0 0 0
3byer 0 0.0 0 0 0
56bbhsdrt 0 0.0 0 0 0
135321 0 0.0 0 0 0
351351 0 0.0 0 0 0
3513135, 0 0.0 0 0 0
3513 0 0.0 0 0 0
35138747 0 0.0 0 0 0
35413 0 0.0 0 0 0
351 0 0.0 0 0 0
351365 0 0.0 0 0 0
351 0 0.0 0 0 0
313133513 0 0.0 0 0 0
35151316351 0 0.0 0 0 0
1111 0 0.0 0 0 0
13535 0 0.0 0 0 0
3513513 0 0.0 0 0 0
13534431 0 0.0 0 0 0
351354684 0 0.0 0 0 0
1+9*/ 0 0.0 0 0 0
sdfgsdfgsdf 0 0.0 0 0 0
asdasdfasd 0 0.0 0 0 0
ASASDFSDFG 0 0.0 0 0 0
sdfsdfher 0 0.0 0 0 0
bsdfsger 0 0.0 0 0 0
redsfgsdr 0 0.0 0 0 0
sddsbd 0 0.0 0 0 0
rdsfgsdf 0 0.0 0 0 0
testataanviela 0 0.0 0 0 0
sdfa 0 0.0 0 0 0
aapo 0 0.0 0 0 0
testi1 1 11.0 1 0 0
testi2 1 11.0 0 0 1
testi3 0 0.0 0 0 0
testi4 0 0.0 0 0 0
testi5 0 0.0 0 0 0
